1, "zandmotor", "space - time", "POLYGON ((71028.591 451007.796, 71027.169 451654.613, 71715.212 451656.034, 71716.634 451006.374, 71028.591 451007.796))", "2000-1-3", "2000-1-28", "discrete", None, None
2, "zandmotor", "space - time", "POLYGON ((72453.010 451358.925, 72097.616 451671.672, 72755.806 452405.205, 73099.827 452119.468, 72453.010 451358.925))", "2001-11-10", None, "discrete", None, None
3, "zandmotor", "space", "POLYGON ((73205.024 452445.009, 73465.172 452762.020, 73537.673 452698.050, 73281.789 452379.617, 73205.024 452445.009))", None, None, None, None, None
4, "zandmotor", "space - time", "POLYGON ((73646.068 453916.696, 73719.990 454070.226, 73879.206 454132.775, 74038.423 454058.853, 74135.090 453933.754, 74027.050 453837.087, 73896.265 453774.538, 73771.167 453723.361, 73651.754 453672.185, 73629.009 453649.439, 73543.714 453734.734, 73492.538 453831.401, 73646.068 453916.696))", "2000-11-1", "2000-11-15", "continuous", None, None
5, "zandmotor", "time", "", "2002-10-25", "2002-10-26", "continuous", None, None
6, "zandmotor", "space - time", "POLYGON ((72346.747 453487.380, 72429.199 453578.360, 72702.141 453348.065, 72585.572 453265.614, 72346.747 453487.380))", "2001-8-1", "2001-8-31", "continuous", None, None
7, "zandmotor", "space", "POLYGON ((72466.515 453045.625, 72498.501 453076.189, 72526.221 453048.468, 72493.525 453017.904, 72466.515 453045.625))", None, None, None, None, None
8, "zandmotor", "space", "POLYGON ((71813.546 452319.91, 71813.30523633362 452315.0091429835, 71812.58526402016 452310.1554838992, 71811.39301678661 452305.3957661372, 71809.73997662557 452300.7758283817, 71807.64206321743 452296.3401631587, 71805.11948061513 452292.131488349, 71802.19652266814 452288.1903357918, 71798.90133905933 452284.5546609407, 71795.26566420819 452281.2594773318, 71791.32451165098 452278.3365193849, 71787.1158368413 452275.8139367825, 71782.68017161825 452273.7160233744, 71778.06023386272 452272.0629832133, 71773.3005161008 452270.8707359798, 71768.44685701648 452270.1507636664, 71763.546 452269.91, 71758.64514298353 452270.1507636664, 71753.7914838992 452270.8707359798, 71749.03176613728 452272.0629832133, 71744.41182838175 452273.7160233744, 71739.9761631587 452275.8139367825, 71735.76748834903 452278.3365193849, 71731.82633579182 452281.2594773318, 71728.19066094067 452284.5546609407, 71724.89547733187 452288.1903357918, 71721.97251938487 452292.131488349, 71719.44993678258 452296.3401631587, 71717.35202337444 452300.7758283817, 71715.6989832134 452305.3957661372, 71714.50673597984 452310.1554838992, 71713.78676366639 452315.0091429835, 71713.546 452319.91, 71713.78676366639 452324.8108570165, 71714.50673597984 452329.6645161008, 71715.6989832134 452334.4242338627, 71717.35202337444 452339.0441716182, 71719.44993678258 452343.4798368413, 71721.97251938487 452347.688511651, 71724.89547733187 452351.6296642082, 71728.19066094067 452355.2653390593, 71731.82633579182 452358.5605226681, 71735.76748834903 452361.4834806151, 71739.9761631587 452364.0060632174, 71744.41182838175 452366.1039766255, 71749.03176613728 452367.7570167866, 71753.7914838992 452368.9492640201, 71758.64514298353 452369.6692363336, 71763.546 452369.91, 71768.44685701648 452369.6692363336, 71773.3005161008 452368.9492640201, 71778.06023386272 452367.7570167866, 71782.68017161825 452366.1039766255, 71787.1158368413 452364.0060632174, 71791.32451165098 452361.4834806151, 71795.26566420819 452358.5605226681, 71798.90133905933 452355.2653390593, 71802.19652266814 452351.6296642082, 71805.11948061513 452347.688511651, 71807.64206321743 452343.4798368413, 71809.73997662557 452339.0441716182, 71811.39301678661 452334.4242338627, 71812.58526402016 452329.6645161008, 71813.30523633362 452324.8108570165, 71813.546 452319.91))", None, None, None, None, None
9, "zandmotor", "space - time", "POLYGON ((70819.21379240759415552 451505.81215621629962698, 70818.19844500652106944 451507.00221665191929787, 70817.60054114335798658 451508.44779098610160872, 70817.47860781406052411 451510.00737633113749325, 70817.84458070249820594 451511.52830960717983544, 70818.66263583242835011 451512.86171126819681376, 70819.85269626801891718 451513.87705866928445175, 70821.29827060220122803 451514.47496253240387887, 70822.85785594723711256 451514.59689586173044518, 70824.37878922327945475 451514.23092297330731526, 70825.71219088431098498 451513.41286784334806725, 71854.93321416419348679 450633.45732445898465812, 71855.94856156526657287 450632.26726402336498722, 71856.54646542842965573 450630.82168968918267637, 71856.66839875772711821 450629.26210434414679185, 71856.30242586928943638 450627.74117106810444966, 71855.4843707393592922 450626.40776940708747134, 71854.29431030376872513 450625.39242200599983335, 71852.84873596958641429 450624.79451814288040623, 71851.28915062455052976 450624.67258481355383992, 71849.76821734850818757 450625.03855770197696984, 71848.43481568747665733 450625.85661283193621784, 70819.21379240759415552 451505.81215621629962698))", "2001-8-1", "2001-8-31", "continuous", None, None
10, "zandmotor", "time", "", "2002-9-1", "2002-9-5", "continuous", None, None
11, "zandmotor", "space", "POLYGON ((71973.22844887715473305 452196.72475540084997192, 71973.62372175263590179 452198.23833841446321458, 71974.46737147017847747 452199.55569536658003926, 71975.67681571739376523 452200.54787418019259349, 71977.13366566465992946 452201.11775348003720865, 71978.69531468866625801 452201.2095495096873492, 71980.20889770229405258 452200.81427663419162855, 71981.52625465442542918 452199.97062691661994904, 71982.51843346800887957 452198.76118266943376511, 71983.08831276785349473 452197.30433272215304896, 71983.1801087975181872 452195.7426836981321685, 71897.88554885718622245 451331.42447630281094462, 71897.49027598170505371 451329.91089328919770196, 71896.64662626416247804 451328.59353633708087727, 71895.43718201694719028 451327.60135752346832305, 71893.98033206968102604 451327.03147822362370789, 71892.4186830456746975 451326.93968219397356734, 71890.90510003204690292 451327.33495506946928799, 71889.58774307991552632 451328.17860478704096749, 71888.59556426633207593 451329.38804903422715142, 71888.02568496648746077 451330.84489898150786757, 71887.9338889368227683 451332.40654800552874804, 71973.22844887715473305 452196.72475540084997192))", None, None, None, None, None
12, "zandmotor", "space - time", "POLYGON ((74462.25559625300229527 454421.51267539517721161, 74463.47397299861768261 454422.49386461800895631, 74464.93592228640045505 454423.05053190211765468, 74466.49833833402954042 454423.12818677531322464, 74468.00828097280464135 454422.71922783739864826, 74469.31794649682706222 454421.86368683871114627, 74470.299135719644255 454420.64531009312486276, 74470.8558030037820572 454419.1833608053275384, 74470.9334578769194195 454417.62094475771300495, 74470.52449893903394695 454416.11100211890880018, 74469.66895794036099687 454414.80133659491548315, 73110.64230289137049112 452913.61708164535230026, 73109.42392614575510379 452912.63589242252055556, 73107.96197685797233135 452912.07922513841185719, 73106.39956081034324598 452912.00157026521628723, 73104.88961817156814504 452912.41052920313086361, 73103.57995264754572418 452913.2660702018183656, 73102.59876342472853139 452914.48444694740464911, 73102.04209614059072919 452915.94639623520197347, 73101.96444126745336689 452917.50881228281650692, 73102.37340020533883944 452919.01875492162071168, 73103.22894120401178952 452920.32842044561402872, 74462.25559625300229527 454421.51267539517721161))", "2002-1-1", "2002-1-15", "continuous", None, None
13, "coastline", "space - time", "POLYGON ((72349.66111908212769777 452237.53437797696096823, 72349.66111908212769777 452483.81446479941951111, 72816.29707306157797575 452483.81446479941951111, 72816.29707306157797575 452237.53437797696096823, 72349.66111908212769777 452237.53437797696096823))", "2012-1-1", None, "discrete", None, None
14, "coastline", "space", "POLYGON ((75335.15330232652195264 454395.72566513187484816, 75333.90784828847972676 454381.49006033642217517, 75330.20932866509247106 454367.68699718918651342, 75324.17012110356881749 454354.73587477905675769, 75315.9737238696689019 454343.03020640701288357, 75305.86918034577684011 454332.92566288314992562, 75294.16351197371841408 454324.7292656492209062, 75281.21238956363231409 454318.69005808769725263, 75267.4093264163529966 454314.99153846432454884, 75253.17372162092942744 454313.74608442629687488, 75238.93811682550585829 454314.99153846432454884, 75225.1350536782265408 454318.69005808769725263, 75212.18393126814044081 454324.7292656492209062, 75200.47826289608201478 454332.92566288314992562, 75190.37371937218995299 454343.03020640701288357, 75182.1773221382900374 454354.73587477905675769, 75176.13811457676638383 454367.68699718918651342, 75172.43959495337912813 454381.49006033642217517, 75171.19414091533690225 454395.72566513187484816, 75172.43959495337912813 454409.96126992732752115, 75176.13811457676638383 454423.76433307456318289, 75182.1773221382900374 454436.71545548469293863, 75190.37371937218995299 454448.42112385673681274, 75200.47826289608201478 454458.52566738059977069, 75212.18393126814044081 454466.72206461452879012, 75225.1350536782265408 454472.76127217605244368, 75238.93811682550585829 454476.45979179942514747, 75253.17372162092942744 454477.70524583745282143, 75267.4093264163529966 454476.45979179942514747, 75281.21238956363231409 454472.76127217605244368, 75294.16351197371841408 454466.72206461452879012, 75305.86918034577684011 454458.52566738059977069, 75315.9737238696689019 454448.42112385673681274, 75324.17012110356881749 454436.71545548469293863, 75330.20932866509247106 454423.76433307456318289, 75333.90784828847972676 454409.96126992732752115, 75335.15330232652195264 454395.72566513187484816))", None, None, None, None, None
15, "coastline", "space - time", "POLYGON ((67067.60136223139124922 444926.90443229890661314, 66983.34764831844950095 445179.6655740377609618, 67190.7414056426496245 445387.05933136196108535, 67501.83204162894980982 445328.72983711451524869, 67514.79415146171231754 445186.14662895415676758, 67234.48852632821945008 445106.75370622845366597, 67067.60136223139124922 444926.90443229890661314))", "2012-1-1", None, "discrete", None, None
16, "coastline", "space - time", "POLYGON ((76882.39113847522821743 455591.13013969553867355, 76886.69299675711954478 455586.58604437456233427, 76889.3801044300198555 455580.93500559235690162, 76890.18942867276200559 455574.73018639802467078, 76889.04174718954891432 455568.5789577258983627, 76886.04940304032061249 455563.08344469644362107, 76881.50530771931516938 455558.78158641461050138, 76875.85426893709518481 455556.09447874169563875, 76869.6494497427920578 455555.28515449893893674, 76863.49822107065119781 455556.43283598218113184, 76858.00270804124011192 455559.42518013139488176, 75846.95814108574995771 456337.15177009720355272, 75842.65628280385863036 456341.695865418179892, 75839.96917513095831964 456347.34690420038532466, 75839.15985088821616955 456353.55172339471755549, 75840.30753237142926082 456359.70295206684386358, 75843.29987652065756265 456365.1984650962986052, 75847.84397184166300576 456369.50032337813172489, 75853.49501062388299033 456372.18743105104658753, 75859.69982981818611734 456372.99675529380328953, 75865.85105849032697733 456371.84907381056109443, 75871.34657151973806322 456368.85672966134734452, 76882.39113847522821743 455591.13013969553867355))", "2012-1-1", None, "discrete", None, None
17, "coastline", "space - time", "POLYGON ((68876.77438370922754984 447396.17115141527028754, 68881.52128903426637407 447400.24812048545572907, 68887.2957170041045174 447402.65867407020414248, 68893.53242637623043265 447403.16685038944706321, 68899.62092458362167235 447401.72290560428518802, 68904.96522700064815581 447398.46818309091031551, 68909.0421960708044935 447393.72127776587149128, 68911.45274965558201075 447387.94684979604789987, 68911.96092597479582764 447381.71014042390743271, 68910.51698118963395245 447375.621642216516193, 68907.26225867624452803 447370.27733979950426146, 68505.43685386059223674 446897.1603309036581777, 68500.68994853555341251 446893.08336183347273618, 68494.91552056571526919 446890.67280824872432277, 68488.67881119358935393 446890.16463192948140204, 68482.59031298619811423 446891.60857671464327723, 68477.24601056917163078 446894.86329922801814973, 68473.16904149901529308 446899.61020455305697396, 68470.75848791423777584 446905.38463252288056538, 68470.25031159502395894 446911.62134189502103254, 68471.69425638018583413 446917.70984010241227224, 68474.94897889357525855 446923.05414251942420378, 68876.77438370922754984 447396.17115141527028754))", "2012-1-1", None, "discrete", None, None
18, "coastline", "space - time", "POLYGON ((72248.67732055261149071 450759.14250737644033507, 72254.80879026418551803 450760.39145338808884844, 72261.02611003049241845 450759.68454328959342092, 72266.72068527419469319 450757.09097436669981107, 72271.33509129399317317 450752.86462321609724313, 72274.41763787822856102 450747.41919453506125137, 72275.66658388986252248 450741.28772482351632789, 72274.95967379135254305 450735.07040505722397938, 72272.36610486847348511 450729.37582981353625655, 72268.13975371787091717 450724.76142379367956892, 72262.69432503686402924 450721.67887720948783681, 71309.97925232879060786 450365.22085680853342637, 71303.84778261721658055 450363.971910796884913, 71297.63046285090968013 450364.67882089538034052, 71291.93588760720740538 450367.27238981827395037, 71287.32148158740892541 450371.49874096887651831, 71284.23893500317353755 450376.94416964991251007, 71282.98998899153957609 450383.07563936145743355, 71283.69689909004955553 450389.29295912774978206, 71286.29046801292861346 450394.98753437143750489, 71290.5168191635311814 450399.60194039129419252, 71295.96224784453806933 450402.68448697548592463, 72248.67732055261149071 450759.14250737644033507))", "2012-1-1", None, "discrete", None, None
19, "coastline", "space - time", "POLYGON ((59329.22179207220324315 430052.88339920400176197, 60106.94838203795370646 430299.16348602646030486, 60793.94020317436661571 430104.73183853505179286, 60936.52341133475420065 429793.64120254875160754, 60884.67497200370416977 429664.02010422106832266, 59329.22179207220324315 430052.88339920400176197))", "2013-1-1", None, "discrete", None, None
20, "coastline", "space - time", "Polygon ((83383.65711422114691231 464191.84017124230740592, 83770.40533157461322844 464679.96898926125140861, 83950.7494194045139011 464545.05766418518032879, 83558.64559696344076656 464071.94065528927603737, 83383.65711422114691231 464191.84017124230740592))", "2012-1-1", "2013-1-1", "continuous", None, None
21, "coastline", "space", "POLYGON ((62755.32991539163776906 433233.5730837119044736, 62761.30529765678511467 433235.43039191176649183, 62767.56216369495086838 433235.35030231019482017, 62773.48804786418622825 433233.34065463539445773, 62778.50288333392381901 433229.59816720383241773, 62782.1157830679876497 433224.48918076080735773, 62783.97309126784966793 433218.51379849563818425, 62783.89300166627799626 433212.25693245750153437, 62781.8833539914994617 433206.3310482882661745, 62778.14086655995197361 433201.31621281849220395, 62773.03188011688325787 433197.70331308443564922, 61774.94942299417016329 432705.14313943940214813, 61768.97404072902281769 432703.2858312395401299, 61762.71717469085706398 432703.36592084111180156, 61756.7912905216217041 432705.375568515912164, 61751.77645505188411335 432709.118055947474204, 61748.16355531782028265 432714.227042390499264, 61746.30624711795826443 432720.20242465566843748, 61746.38633671952993609 432726.45929069380508736, 61748.39598439430847066 432732.38517486304044724, 61752.13847182585595874 432737.40001033281441778, 61757.24745826892467448 432741.01291006687097251, 62755.32991539163776906 433233.5730837119044736))", None, None, None, None, None
22, "coastline", "space", "Polygon ((59827.11930505965574412 428774.78124584123725072, 59899.55462471375358291 429197.38415024161804467, 60586.54644585016649216 429002.95250275020953268, 60510.29874095115519594 428603.98638686834601685, 59827.11930505965574412 428774.78124584123725072))", None, None, None, None, None